#SAMPLE

ローリエの小枝 
45 
45 

ピンスティック 
60 
60 

フラワースティック 
60 
90 

スライムステッキ 
71 
104 

ツインクルタクト 
82 
115 

モーモンスティック 
93 
126 

フェザースティック 
104 
137 

ラブリースティック 
107 
150 

スラタワースティック 
118 
161 

まてきのスティック 
145 
193 

まじかるスティっく 
188 
145 

マポレーナスティック 
155 
209 

ペロリンスティック 
172 
226 

パラソルステッキ 
215 
215

13: 名前が無い＠ただの名無しのようだ 2013/05/06(月) 17:12:08.89 ID:vAgAZSoo0
かしのつえ 
30 
30 
30 
まどうしの杖 
30 
45 
45 
さばきの杖 
45 
60 
45 
あまぐものつえ 
44 
60 
71 
まふうじのつえ 
49 
66 
82 

うみなりのつえ 
60 
71 
88 

ようせいのつえ 
71 
77 
93 

いかづちの杖 
84 
96 
108 

ピオラのつえ 
80 
91 
107 

ルーンスタッフ　変化 
118 
86 
97 

マグマの杖　燃え木 
108 
145 
121 

せいれいのつえ 変化 
107 
118 
140 

まがんの杖　燃え木 
162 
150 
133

14: 名前が無い＠ただの名無しのようだ 2013/05/06(月) 17:12:40.11 ID:vAgAZSoo0
ものほしざお 
22 22 
22 22 
22 22 

天秤棒 
22 22 
26 26 
22 22 

かしのこん 
22 22 
33 33 
22 22 

ぎょうしゃのこん 
29 29 
29 29 
29 29 

六角棒 
29 29 
40 40 
29 29 

えんぶのこん 
33 33 
44 44 
33 33 

セレモニーロッド 
33 33 
49 49 
38 38 

スパイクロッド 
32 32 
53 53 
43 43 

まどろみのこん 
37 37 
58 58 
43 43 

クラッシュロッド 変化 
43 43 
58 58 
48 48 

レイニーロッド　変化 
48 48 
53 53 
64 64 

らせつのこん 燃え木 
60 60 
84 84 
60 60

15: 名前が無い＠ただの名無しのようだ 2013/05/06(月) 17:13:24.52 ID:vAgAZSoo0
白木の扇 
30 30 
30 30 

羽の扇 
25 25 
40 40 

バトルファン 
44 44 
33 33 

てつの扇 
38 38 
49 49 


かめの扇 
44 44 
55 55 

七星の扇 
55 55 
66 66 

とりの扇 
49 49 
60 60 

猫の扇 
60 60 
71 71 

孔雀の扇 
53 53 
86 86 

蛇の扇 燃え木 
78 78 
90 90 

星の扇 変化 
75 75 
91 91 

マジックファン 燃え木 
90 90 
114 114

16: 名前が無い＠ただの名無しのようだ 2013/05/06(月) 17:13:55.45 ID:vAgAZSoo0
青竹の弓 
22 22 
33 
22 22 

若木の弓 
33 22 
22 
33 22 

古木の弓 
33 33 
22 
33 33 

したんのゆみ 
45 33 
45 
45 33 

ロングボウ 
33 33 
45 
33 33 

狩人の弓 
55 33 
45 
55 33 

こあくまのゆみ 
45 60 
33 
60 45 

エロスの弓　変化 
53 44 
58 
53 44 

かぜきりの弓　燃え木 
66 49 
82 
66 49 

ゆうわくの弓　変化 
68 49 
64 
68 49 

白鳥の弓　変化 
68 58 
78 
58 68 

月光の弓 変化 
64 78 
78 
64 78

